1 51
1 72
1 77
1 78
1 2
1 90
1 92
1 158
1 159
2 113
2 69
2 71
2 77
2 89
2 91
2 158
3 47
3 78
3 9
3 17
3 21
3 93
3 94
3 23
3 121
3 125
3 131
3 31
4 60
4 77
4 10
4 16
4 18
4 22
4 93
4 94
4 24
4 97
4 122
4 126
4 132
4 32
4 303
5 7
5 222
5 23
5 101
5 305
6 24
6 102
6 305
7 78
7 5
7 121
7 99
7 100
7 101
7 102
7 27
7 305
8 77
8 6
8 121
8 122
8 99
8 100
8 101
8 102
8 26
8 44
8 305
9 7
9 23
9 121
9 37
9 305
10 8
10 16
10 24
10 122
10 305
11 69
11 5
11 19
11 91
11 23
11 26
11 27
11 29
12 41
12 6
12 94
12 118
12 24
12 25
12 26
12 27
12 30
13 143
13 77
13 7
13 19
13 21
13 93
13 118
13 99
13 100
13 27
13 28
13 43
14 144
14 8
14 18
14 20
14 22
14 118
14 99
14 26
14 28
14 32
14 34
15 2
15 9
15 21
15 89
15 118
15 23
15 26
15 27
15 28
15 31
16 10
16 22
16 90
16 118
16 24
16 26
16 27
16 28
16 32
16 44
17 78
17 40
17 3
17 9
17 91
17 121
17 122
17 99
17 101
17 26
17 128
17 139
17 140
17 108
17 35
18 77
18 78
18 41
18 4
18 6
18 10
18 14
18 92
18 122
18 99
18 100
18 102
18 27
18 139
18 140
18 107
18 108
19 94
19 122
19 133
20 93
20 94
20 121
20 126
20 134
21 9
21 15
21 93
21 118
21 23
21 102
21 105
22 10
22 16
22 94
22 118
22 24
22 101
22 27
22 106
23 19
24 20
25 91
25 92
25 305
26 305
27 305
28 140
28 305
29 5
29 23
29 122
29 26
29 305
30 24
30 102
30 25
30 27
30 36
30 305
31 23
31 26
31 27
31 28
31 305
32 8
32 24
32 101
32 27
32 28
32 305
33 73
33 40
33 7
33 94
33 122
33 131
33 136
33 43
34 74
34 41
34 8
34 14
34 94
34 99
34 100
34 161
34 129
34 132
34 135
34 44
35 78
35 91
35 122
35 101
35 139
35 140
36 77
36 78
36 92
36 121
36 102
36 139
36 140
37 74
37 78
37 9
37 89
37 91
37 118
37 120
37 121
37 102
37 133
37 108
38 71
38 77
38 10
38 90
38 92
38 121
38 122
38 101
38 133
38 134
38 107
39 77
39 78
39 100
39 303
40 78
40 5
40 7
40 17
40 19
40 91
40 93
40 94
40 23
40 120
40 101
40 160
40 126
40 130
40 135
40 29
40 33
40 35
41 77
41 174
41 6
41 8
41 18
41 20
41 92
41 93
41 94
41 121
41 102
41 161
41 125
41 129
41 136
41 30
41 34
41 36
42 189
42 25
42 305
43 69
43 73
43 77
43 82
43 89
43 93
43 158
44 70
44 73
44 74
44 78
44 22
44 90
44 94
44 159
44 24
44 100
44 132
45 141
45 55
45 69
45 21
45 89
45 119
45 137
46 142
46 114
46 56
46 62
46 70
46 86
46 193
46 90
46 159
46 119
46 135
46 138
46 44
47 109
47 51
47 52
47 39
47 58
47 61
47 71
47 72
47 73
47 75
47 76
47 81
47 82
47 85
47 21
47 23
47 139
48 110
48 52
48 58
48 62
48 72
48 73
48 74
48 75
48 76
48 80
48 82
48 88
48 18
48 216
48 93
48 94
49 54
49 113
50 114
50 58
51 113
51 58
51 71
51 73
51 154
51 92
51 96
51 127
51 128
51 140
52 72
52 74
52 77
52 89
52 91
52 95
52 96
52 127
52 139
52 166
53 50
53 57
53 60
53 70
53 1
53 91
53 92
53 303
54 49
54 109
54 51
54 58
54 2
54 91
54 42
54 303
55 45
55 109
55 51
55 52
55 57
55 63
55 78
55 198
55 89
55 118
55 95
55 135
55 137
56 110
56 51
56 52
56 77
56 78
56 198
56 90
56 96
56 136
56 138
57 46
57 109
57 51
57 52
57 113
57 114
57 87
57 88
57 90
58 49
58 50
58 109
58 110
58 51
58 52
58 113
58 114
58 84
58 87
58 88
59 109
59 51
59 54
59 67
60 110
60 52
61 45
61 109
61 51
61 67
61 71
61 73
61 75
61 76
61 89
61 95
61 23
61 119
62 142
62 46
62 110
62 52
62 72
62 74
62 75
62 76
62 78
62 178
62 193
62 90
62 161
63 51
63 113
63 55
63 57
63 58
63 67
63 87
63 88
64 110
64 57
64 62
64 87
64 88
65 67
65 220
66 68
66 178
66 221
67 109
67 51
67 111
67 65
68 110
68 52
68 112
68 84
69 71
69 76
69 77
69 89
69 91
70 114
70 72
70 78
70 90
70 92
70 44
71 47
71 146
71 225
71 186
71 226
71 227
71 228
71 229
71 230
71 72
71 73
71 75
71 77
71 150
71 234
71 235
71 236
71 237
71 238
71 239
71 187
71 188
71 240
71 242
71 203
71 179
71 217
71 162
71 164
71 249
71 250
71 195
71 251
71 252
71 253
71 254
71 255
71 197
72 144
72 146
72 225
72 186
72 226
72 227
72 228
72 229
72 230
72 71
72 74
72 76
72 78
72 150
72 234
72 235
72 236
72 237
72 238
72 239
72 187
72 188
72 240
72 242
72 204
72 180
72 216
72 158
72 162
72 163
72 249
72 250
72 195
72 251
72 252
72 253
72 254
72 255
72 197
73 146
73 225
73 227
73 228
73 229
73 230
73 72
73 74
73 76
73 78
73 117
73 237
73 178
73 249
73 253
73 256
73 276
73 306
74 146
74 225
74 227
74 228
74 229
74 230
74 71
74 73
74 75
74 77
74 117
74 237
74 177
74 249
74 253
74 256
74 276
74 306
75 146
75 225
75 186
75 228
75 229
75 71
75 73
75 76
75 150
75 234
75 235
75 236
75 237
75 187
75 188
75 241
75 200
75 203
75 215
75 216
75 162
75 163
75 250
75 251
75 252
75 254
75 255
76 146
76 225
76 186
76 228
76 229
76 72
76 74
76 75
76 150
76 234
76 235
76 236
76 237
76 187
76 188
76 241
76 200
76 204
76 215
76 217
76 162
76 164
76 250
76 251
76 252
76 254
76 255
77 146
77 226
77 227
77 71
77 75
77 150
77 234
77 235
77 236
77 240
77 199
77 216
77 162
77 163
77 165
77 251
77 252
77 253
77 255
77 169
77 276
78 146
78 226
78 227
78 72
78 76
78 150
78 234
78 235
78 236
78 240
78 199
78 217
78 162
78 164
78 165
78 251
78 252
78 253
78 255
78 169
78 276
79 46
79 74
79 75
79 148
79 80
79 81
79 82
79 86
79 193
79 221
79 96
79 119
79 136
79 138
79 168
80 48
80 145
80 73
80 76
80 147
80 79
80 81
80 82
80 192
80 220
80 158
80 119
80 135
80 137
80 168
81 71
81 73
81 74
81 75
81 78
81 148
81 80
81 178
81 216
81 217
81 219
81 221
81 157
81 120
81 164
82 72
82 73
82 74
82 76
82 77
82 147
82 79
82 81
82 172
82 177
82 216
82 217
82 218
82 220
82 163
83 141
83 49
83 113
83 55
83 57
83 59
83 85
84 46
84 50
84 114
84 56
84 57
84 58
84 86
84 157
84 119
85 45
85 52
85 55
85 73
85 89
85 136
86 46
86 56
86 60
86 74
86 90
86 119
86 138
87 109
87 110
87 51
87 52
87 113
87 71
87 89
88 48
88 110
88 51
88 52
88 113
88 114
88 87
89 90
89 97
89 98
89 121
89 122
89 99
89 100
89 101
89 102
89 129
89 139
89 140
89 107
89 108
90 4
90 8
90 97
90 121
90 122
90 99
90 100
90 101
90 102
90 128
90 129
90 130
90 131
90 139
90 140
90 107
90 108
91 52
91 69
91 71
91 74
91 76
91 77
91 78
91 89
91 108
92 51
92 72
92 77
92 90
92 118
92 139
93 71
93 72
93 95
93 96
93 98
93 124
93 135
93 139
93 140
93 108
94 142
94 71
94 72
94 136
94 139
94 140
94 107
94 108
95 71
95 73
95 74
95 91
95 120
95 99
95 100
95 124
95 128
95 103
95 104
95 140
95 107
95 305
96 142
96 51
96 71
96 73
96 74
96 81
96 115
96 92
96 120
96 99
96 100
96 124
96 103
96 104
96 139
96 140
96 305
97 89
97 90
97 99
97 101
97 128
97 132
97 138
97 140
97 305
98 89
98 90
98 121
98 100
98 102
98 28
98 127
98 131
98 139
98 108
98 305
99 18
99 89
99 90
99 122
99 100
99 123
99 305
100 115
100 89
100 90
100 121
100 99
100 305
101 90
101 121
101 122
101 305
102 121
102 134
102 305
103 71
103 18
103 95
103 96
103 124
103 140
104 72
104 95
104 96
104 139
105 306
106 306
107 222
107 89
107 90
107 97
107 122
107 140
107 305
108 89
108 90
108 98
108 121
108 139
108 305
109 141
109 51
109 111
109 55
109 58
109 59
109 67
109 88
109 177
109 156
110 142
110 48
110 52
110 56
110 58
110 84
110 88
110 157
111 109
111 170
111 59
111 67
111 74
111 75
111 76
111 78
111 147
111 148
111 79
111 80
111 81
111 220
111 156
111 137
111 303
112 110
112 60
112 66
112 68
112 76
112 147
112 148
112 82
112 177
112 178
112 157
112 161
112 303
113 55
113 83
113 87
113 88
113 178
113 89
113 91
114 46
114 56
114 84
114 177
114 90
114 92
115 73
115 77
115 78
115 172
115 198
115 180
115 183
115 221
115 95
115 96
115 128
115 132
115 306
116 198
116 179
116 183
116 192
116 220
116 95
116 96
116 127
116 136
116 139
116 140
116 108
116 306
117 146
117 78
117 148
117 234
117 153
117 189
117 193
117 224
117 162
117 164
117 196
117 305
118 46
118 55
118 56
118 70
118 2
118 40
118 41
118 3
118 4
118 14
118 19
118 20
118 21
118 22
118 89
118 90
118 91
118 92
118 23
118 24
118 27
118 28
118 38
118 303
119 55
119 56
119 145
119 69
119 2
119 198
119 177
119 89
119 90
119 43
119 44
120 77
120 78
120 115
120 116
120 117
120 40
120 41
120 3
120 4
120 18
120 91
120 92
120 95
120 96
120 121
120 99
120 100
120 139
120 140
120 107
120 108
120 38
121 102
121 305
122 101
122 305
123 51
123 115
123 116
123 99
123 100
123 161
123 305
124 52
124 115
124 116
124 100
124 305
125 100
125 305
126 27
126 160
126 305
127 51
127 71
127 95
127 96
127 160
128 52
128 72
128 17
128 95
128 96
128 123
128 160
129 306
130 306
131 306
132 306
133 306
134 306
135 72
135 25
135 104
135 305
136 71
136 25
136 103
136 305
137 214
137 28
137 127
137 305
138 213
138 28
138 128
138 305
139 89
139 90
139 108
139 305
140 89
140 90
140 305
141 51
141 52
141 72
141 73
141 74
141 77
141 82
141 155
141 95
141 23
141 107
142 73
142 74
142 77
142 81
142 96
142 24
142 98
142 108
143 141
143 71
143 72
143 77
143 173
143 40
143 154
143 7
143 13
143 17
143 89
143 156
143 158
143 159
143 118
143 97
143 98
143 99
143 160
143 125
143 130
143 106
143 136
143 33
144 142
144 143
144 71
144 72
144 76
144 78
144 82
144 116
144 41
144 154
144 155
144 18
144 158
144 159
144 118
144 100
144 161
144 104
145 71
145 72
145 73
145 74
145 75
145 76
145 81
145 1
145 2
145 198
145 216
145 217
145 192
145 89
145 90
145 43
146 150
146 168
146 305
147 73
147 148
147 149
147 80
147 82
147 117
147 177
147 179
147 220
147 166
147 275
147 305
148 73
148 74
148 147
148 149
148 80
148 81
148 117
148 178
148 180
148 220
148 275
148 305
149 71
149 72
149 73
149 75
149 76
149 78
149 147
149 82
149 187
149 199
149 205
149 206
149 216
149 217
149 218
149 219
149 192
149 193
149 220
149 221
149 250
149 306
150 168
150 169
150 305
151 146
151 226
151 153
151 168
151 169
151 276
151 277
151 305
152 227
152 153
152 245
152 169
152 276
152 277
152 278
152 305
153 150
153 168
153 169
153 305
154 143
154 144
154 51
154 52
154 71
154 72
154 73
154 74
154 75
154 76
154 198
154 155
155 144
155 52
155 71
155 72
155 73
155 74
155 75
155 76
155 77
155 78
155 198
155 154
155 216
155 166
155 306
156 170
156 73
156 74
156 80
156 82
156 192
156 95
156 96
157 62
157 73
157 74
157 147
157 79
157 81
157 82
157 178
157 216
157 217
157 193
157 96
157 24
158 55
158 56
158 201
158 77
158 78
158 115
158 2
158 200
158 91
158 119
158 123
158 126
159 56
159 202
159 78
159 115
159 116
159 2
159 92
159 119
159 125
160 141
160 52
160 170
160 201
160 67
160 71
160 74
160 77
160 40
160 99
160 100
160 101
160 126
160 131
160 133
160 137
160 43
160 305
161 142
161 202
161 62
161 72
161 74
161 75
161 78
161 81
161 119
161 99
161 100
161 101
161 102
161 44
161 305
162 251
163 306
164 306
165 153
165 251
165 166
165 168
165 305
166 52
166 153
166 95
166 123
166 127
166 128
166 162
166 165
166 251
166 252
166 168
166 169
166 305
167 153
167 245
167 251
167 269
167 169
167 276
167 305
168 153
168 165
168 305
169 227
169 167
169 305
170 76
170 77
170 173
170 40
170 3
170 216
170 217
170 122
170 160
170 184
171 174
171 41
171 4
171 217
171 121
171 129
172 144
172 73
172 74
172 82
172 173
172 174
172 150
172 216
172 217
172 222
172 42
172 133
173 143
173 72
173 79
173 82
173 177
173 216
173 218
173 219
173 127
173 29
173 303
174 143
174 144
174 171
174 71
174 79
174 81
174 178
174 216
174 217
174 218
174 219
174 128
174 185
174 30
175 306
176 306
177 109
177 55
177 56
177 229
177 61
177 62
177 66
177 67
177 75
177 147
177 81
177 85
177 86
177 237
177 178
177 156
177 95
177 162
177 163
177 255
177 269
177 272
177 305
178 51
178 52
178 55
178 56
178 229
178 61
178 75
178 147
178 81
178 85
178 174
178 237
178 238
178 242
178 177
178 219
178 221
178 157
178 96
178 161
178 162
178 163
178 254
178 255
178 269
178 270
178 272
178 305
179 115
179 198
179 180
179 216
179 183
179 222
179 258
179 306
180 116
180 198
180 179
180 217
180 183
180 222
180 258
180 306
181 71
181 198
181 217
181 182
181 306
182 72
182 198
182 216
182 181
182 306
183 115
183 172
183 198
183 179
183 216
183 222
183 306
184 52
184 170
184 71
184 72
184 77
184 154
184 94
184 120
184 123
185 47
185 51
185 71
185 73
185 74
185 198
185 125
185 126
186 235
186 187
186 188
186 274
186 275
186 305
187 188
187 189
187 275
187 196
187 305
188 189
188 275
188 196
188 305
189 187
189 275
189 196
189 305
190 188
190 189
190 219
190 305
191 189
191 305
192 141
192 145
192 71
192 72
192 73
192 74
192 76
192 78
192 80
192 117
192 245
192 200
192 217
192 221
192 158
192 306
193 46
193 145
193 71
193 72
193 73
193 74
193 77
193 79
193 117
193 245
193 200
193 216
193 217
193 220
193 90
193 159
193 96
193 306
194 306
195 186
195 187
195 188
195 244
195 189
195 203
195 216
195 217
195 250
195 196
195 197
195 305
196 195
196 305
197 195
197 305
198 55
198 145
198 69
198 70
198 71
198 73
198 77
198 78
198 152
198 240
198 241
198 242
198 244
198 180
198 216
198 222
198 89
198 90
198 96
198 119
198 128
198 103
198 104
198 135
198 136
198 137
198 138
198 195
198 166
198 260
199 51
199 52
199 115
199 116
199 117
199 187
199 189
199 200
199 190
199 193
199 158
199 159
199 118
199 28
199 123
199 124
199 136
199 305
199 306
200 51
200 52
200 71
200 72
200 73
200 115
200 116
200 199
200 91
200 158
200 159
200 123
200 124
201 103
201 136
201 107
202 126
202 104
202 135
202 140
202 107
203 71
203 72
203 75
203 76
203 81
203 207
203 218
203 223
204 71
204 72
204 75
204 76
204 82
204 215
204 217
204 222
204 223
205 76
205 147
205 149
205 79
205 80
205 187
205 198
205 206
205 207
205 208
205 220
206 149
206 80
206 198
206 205
206 207
206 208
206 220
207 71
207 72
207 75
207 208
207 216
207 195
208 71
208 72
208 75
208 76
208 207
208 216
208 217
208 195
209 71
209 198
209 203
209 216
209 195
210 80
210 188
210 198
210 204
210 209
210 217
210 195
211 177
212 71
212 75
212 198
212 178
212 180
212 217
213 127
213 137
214 128
214 138
215 71
215 72
215 76
215 149
215 203
215 219
216 146
216 226
216 71
216 72
216 73
216 74
216 75
216 76
216 77
216 78
216 81
216 117
216 234
216 152
216 240
216 241
216 242
216 244
216 198
216 204
216 179
216 217
216 222
216 223
216 42
216 120
216 133
216 260
216 261
216 262
216 263
216 264
216 265
216 266
217 145
217 146
217 226
217 71
217 72
217 73
217 74
217 75
217 76
217 77
217 78
217 117
217 234
217 152
217 240
217 241
217 242
217 244
217 198
217 154
217 203
217 180
217 216
217 222
217 224
217 42
217 134
217 260
217 261
217 262
217 263
217 264
217 265
217 266
218 72
218 74
218 76
218 78
218 148
218 149
218 81
218 82
218 117
218 174
218 153
218 245
218 215
218 217
218 219
218 194
218 223
218 157
218 269
218 270
218 196
218 276
218 277
218 305
218 306
219 72
219 74
219 76
219 78
219 148
219 149
219 81
219 82
219 117
219 173
219 174
219 153
219 245
219 215
219 217
219 218
219 194
219 224
219 157
219 269
219 270
219 196
219 276
219 277
219 305
219 306
220 109
220 65
220 67
220 117
220 153
220 199
220 200
220 177
220 160
220 168
220 303
221 110
221 68
221 148
221 117
221 153
221 199
221 200
221 178
221 157
221 168
221 303
222 73
222 74
222 81
222 82
222 116
222 188
222 152
222 240
222 198
222 5
222 6
222 9
222 10
222 180
222 217
222 23
222 24
222 162
223 71
223 75
223 82
223 216
223 194
223 224
223 195
224 72
224 76
224 81
224 217
224 194
224 223
224 195
225 239
225 274
225 282
225 305
226 234
226 169
226 305
227 235
227 169
227 276
227 305
228 276
228 277
228 305
229 236
229 277
229 278
229 305
230 237
230 278
230 279
230 305
231 279
231 280
231 305
232 238
232 280
232 281
232 305
233 281
233 282
233 305
234 153
234 168
234 169
234 276
234 305
235 236
235 245
235 276
235 277
235 305
236 237
236 246
236 277
236 278
236 279
236 305
237 238
237 247
237 279
237 280
237 305
238 239
238 247
238 281
238 282
238 305
239 187
239 189
239 274
239 275
239 305
240 228
240 245
240 246
240 276
240 277
240 278
240 279
240 305
241 229
241 230
241 246
241 247
241 277
241 278
241 279
241 280
241 305
242 231
242 232
242 247
242 248
242 278
242 279
242 280
242 281
242 305
243 233
243 248
243 189
243 279
243 280
243 281
243 282
243 305
244 225
244 186
244 189
244 274
244 275
244 281
244 282
244 305
245 235
245 276
245 277
245 305
246 236
246 278
246 279
246 305
247 238
247 280
247 281
247 305
248 239
248 274
248 282
248 305
249 248
249 250
249 305
250 189
250 195
250 274
250 275
250 305
251 153
251 252
251 168
251 169
251 305
252 153
252 245
252 253
252 169
252 276
252 305
253 245
253 254
253 277
253 305
254 246
254 255
254 277
254 278
254 305
255 246
255 256
255 305
256 247
256 257
256 279
256 280
256 305
257 247
257 258
257 305
258 248
258 249
258 281
258 282
258 305
259 248
259 189
259 305
260 189
260 195
260 305
261 245
261 305
262 245
262 246
262 305
263 246
263 305
264 246
264 247
264 305
265 247
265 305
266 247
266 248
266 305
267 248
267 305
268 153
268 178
268 269
268 168
268 305
269 245
269 178
269 168
269 277
269 305
270 117
270 153
270 245
270 246
270 247
270 178
270 221
270 194
270 268
270 269
270 271
270 168
270 169
270 276
270 277
270 278
270 279
270 280
270 305
271 147
271 148
271 247
271 199
271 200
271 272
271 305
272 147
272 148
272 199
272 200
272 270
272 271
272 305
273 117
273 245
273 246
273 247
273 248
273 178
273 220
273 272
273 274
273 275
273 196
273 197
273 280
273 281
273 282
273 305
274 305
275 305
276 227
276 167
276 305
277 305
278 305
279 305
280 305
281 305
282 305
291 305
292 305
293 305
294 305
295 305
296 305
297 305
298 305
299 305
300 305
301 306
302 306
